101
0
0
0
0
0
0
331
0
655
0
0
704
757
0
76
0
238
88
114
86
101
100
85
79
79
149
76
105
99
591
675
131
0
38
0
128
0
0
69
27
0
31
112
0
608
698
933
312
190
345
781
0
630
0
392
91
637
826
1003
718
681
1038
0
754
0
621
0
746
0
377
0
61
113
62
203
195
0
0
0
0
79
344
709
0
143
0
139
0
147
203
0
118
130
0
220
0
203
135
0
147
279
0
125
0
199
344
313
186
205
83
137
59
0
331
0
0
0
0
0
0
0
0
0
0
0
0
0
0
0
366
201
217
190
193
204
224
208
190
188
194
225
187
227
222
384
0
354
439
764
119
395
0
205
0
226
222
217
296
207
387
0
230
323
0
0
0
0
0
225
348
0
239
0
121
9
0
71
0
323
0
133
364
124
412
0
310
145
282
0
219
0
139
139
129
129
129
129
129
129
129
129
129
129
129
129
129
129
129
129
129
129
129
129
129
129
129
156
156
156
156
156
156
156
156
14
16
0
199
199
199
199
199
199
199
199
199
199
199
199
199
199
199
199
199
199
199
199
199
199
133
289
94
195
290
142
131
0
253
1
231
0
1176
0
2
143
612
0
